
strategic_region={
	id=208
	name="STRATEGICREGION_208"
	provinces={
		421 424 445 469 494 541 543 557 569 583 596 599 653 656 665 668 671 673 688 688 704 732 732 3414 3418 3462 3484 3485 3537 3553 3569 3583 3585 3631 3654 3660 3662 3673 3673 3674 3674 3675 3684 3684 3700 3703 3703 3718 5283 6418 6440 6470 6485 6552 6562 6576 6590 6592 6626 6631 6650 6673 6675 6678 6680 6687 6687 6690 6691 6691 6708 6708 6723 6723 6739 7857 9414 9421 9429 9527 9539 9541 9551 9555 9567 9569 9596 9598 9627 9630 9633 9636 9646 9648 9650 9650 9661 9665 9665 9679 9692 11401 11414 11432 11511 11522 11525 11539 11542 11556 11564 11587 11595 11598 11612 11615 11618 11630 11634 11651 11651 11666 11735 
	}
	weather={
	}
}
