
strategic_region={
	id=211
	name="STRATEGICREGION_211"
	provinces={
		1516 1552 1552 1552 1552 1731 1817 1929 1968 2024 2126 2126 2126 2126 4128 4515 4735 4735 4735 4735 5117 5158 5158 5158 5158 7548 7548 7548 7548 7716 8054 8054 8054 8054 8138 8138 8138 8138 8202 8202 8202 8202 8219 8219 8219 8219 8248 8248 8248 8248 9986 10025 10858 10966 10966 10966 10966 10968 12391 12391 12391 12391 12795 12896 12925 12945 12958 12958 12958 12958 12981 12981 12981 12981 12985 12985 12985 12985 13173 
	}
	weather={
	}
}
