
strategic_region={
	id=213
	name="STRATEGICREGION_213"
	provinces={
		756 829 1107 1179 1179 1216 1384 1450 1459 1483 1493 1521 1536 1573 1593 1632 1636 1649 1675 1822 1888 1889 1896 1919 1922 1948 1957 1963 1978 1982 1986 1995 2000 2017 2026 2039 2058 2062 2065 2070 2071 2078 2084 2101 2101 3711 4316 4391 4458 4467 4473 4477 4482 4542 4545 4549 4553 4558 4563 4580 4599 4609 4614 4637 4755 4768 4825 4891 4893 4901 4923 4928 4943 4949 4949 4958 4959 4966 4983 4990 4998 5003 5005 5020 5020 5029 5043 5043 5050 5062 5064 5067 5073 5075 5075 5082 5089 5098 5105 6763 7224 7448 7477 7491 7495 7519 7560 7563 7573 7584 7602 7604 7618 7624 7635 7639 7661 7847 7903 7916 7917 7917 7924 7953 7969 7975 7982 7984 7990 8009 8013 8013 8027 8031 8040 8044 8053 8066 8066 8074 8090 8093 8098 8099 8117 8125 9605 9816 10187 10205 10348 10351 10357 10359 10385 10406 10408 10414 10417 10454 10476 10485 10488 10510 10523 10530 10601 10671 10737 10742 10759 10768 10774 10781 10782 10789 10797 10806 10813 10826 10828 10837 10852 10873 10881 10890 10896 10913 10922 11249 11645 11671 11687 12218 12239 12248 12250 12314 12333 12359 12370 12430 12434 12491 12511 12581 12653 12704 12717 12722 12739 12748 12756 12761 12761 12763 12769 12773 12774 12774 12780 12788 12793 12805 12809 12818 12831 12832 12852 12861 12863 12871 12877 12895 13082 13120 
	}
	weather={
	}
}
