
strategic_region={
	id=218
	name="STRATEGICREGION_218"
	provinces={
		191 697 1181 1468 1494 1509 1580 1688 1833 1846 1874 1939 1950 2034 2073 2096 2120 2120 2123 2151 2154 2159 2171 2176 2180 2193 2196 2202 2206 2207 2213 2216 2216 2217 2220 2229 2255 2281 2308 3854 4171 4201 4556 4584 4851 4879 4941 5079 5106 5154 5155 5155 5160 5164 5177 5180 5189 5196 5199 5203 5210 5212 5217 5221 5224 5231 6020 6027 7088 7161 7576 7605 7770 7842 7842 7872 7900 8136 8144 8178 8182 8183 8201 8205 8214 8223 8245 9962 10400 10525 10538 10566 10594 10668 10761 10766 10845 10859 10860 10929 10929 10930 10932 10957 10962 10963 10972 10976 10978 10988 11017 11145 11934 12064 12504 12519 12648 12677 12783 12808 12847 12907 12908 12911 12921 12929 12935 12935 12940 12941 12944 12950 12963 12967 12971 12986 12989 13135 13176 13177 
	}
	weather={
	}
}
